sequential: 9.747988939285278
threads:    10.265882015228271
processes:  12.950363874435425
